0.110032 0
0.20272 21200
0.300368 41600
0.40048 249600
0.500608 332800
0.60064 1071200
0.70048 1248000
0.80032 1248000
0.90016 1248000
1 1248000
1.100032 1258400
1.200512 1248000
1.300352 1248000
1.400192 1248000
1.500032 1248000
1.600016 1258400
1.700544 1248000
1.800384 1248000
1.900224 1248000
2.000064 1248000
2.100048 1258400
2.200576 1248000
2.300416 1248000
2.400256 1248000
2.500096 1248000
2.600032 1258400
2.700608 1248000
2.800448 1248000
2.900288 1248000
3.000128 1248000
3.100016 1248000
3.20064 1258400
3.30048 1248000
3.40032 1248000
3.50016 1248000
3.600016 1248000
3.700032 1258400
3.800512 1248000
3.900352 1248000
4.000192 1248000
4.100032 1248000
4.200016 1258400
4.300544 1248000
4.400384 1248000
4.500224 1248000
4.600064 1248000
4.7 1258400
4.800576 1248000
4.900416 1248000
5 1248000
5.100096 1227200
5.200112 1185600
5.3 1019200
5.4 821600
5.500496 790400
5.600368 946400
5.70024 1019200
5.800208 873600
5.900048 759200
6.000064 301600
6.1 62400
6.200032 104000
6.300608 145600
6.400496 291200
6.500336 10400
6.600368 20800
6.70032 31200
6.80016 41600
6.9 187200
7.000032 208000
7.100528 208000
7.200368 218400
7.300208 208000
7.400048 239200
7.500016 291200
7.60056 249600
7.7004 239200
7.800256 124800
7.900352 41600
8.000496 218400
8.100608 156000
8.2 312000
8.30008 260000
8.4 301600
8.500288 405600
8.600432 218400
8.700544 468000
8.800688 291200
8.900016 488800
9.000112 416000
9.100224 457600
9.200368 561600
9.30024 416000
9.400112 447200
9.500016 540800
9.600032 416000
9.700528 384800
9.800368 395200
9.900208 416000
10 447200
10.1 447200
10.200016 478400
10.300608 509600
10.40056 447200
10.500432 405600
10.600432 208000
10.700384 41600
10.800224 145600
10.900144 218400
11.000064 208000
11.1 260000
11.2 249600
11.300496 260000
11.400336 270400
11.500176 280800
11.600048 291200
11.700032 301600
11.800624 291200
11.900464 218400
12.0004 20800
12.100096 104000
12.20008 104000
12.3 156000
12.400592 93600
12.500432 0
12.600272 0
12.700112 10400
12.80016 62400
12.900304 166400
13.000432 93600
13.10064 218400
13.200016 124800
13.300176 280800
13.400288 260000
13.500432 239200
13.60056 384800
13.700736 208000
13.800032 447200
13.900176 332800
14.000251 416000
14.100443 478400
14.200555 332800
14.300032 592800
14.400027 395200
14.500139 572000
14.600331 540800
14.700379 520000
14.800251 582400
14.900091 499200
15 468000
15.100635 426400
15.200539 395200
15.300411 228800
15.400427 20800
15.500331 124800
15.600235 176800
15.700123 218400
15.800027 104000
15.900043 41600
16.000027 62400
16.100555 83200
16.200427 166400
16.300315 114400
16.400187 72800
16.500171 114400
16.600107 20800
16.700011 145600
16.800027 72800
16.900011 83200
17.000587 93600
17.100427 104000
17.200267 104000
17.300107 114400
17.400043 124800
17.500635 135200
17.600475 145600
17.700315 156000
17.800155 166400
17.900011 176800
18.000011 197600
18.100507 249600
18.200411 291200
18.300251 301600
18.400091 239200
18.500011 301600
18.600603 291200
18.700475 291200
18.800379 416000
18.900219 353600
19.000059 343200
19.100011 332800
19.200603 384800
19.300443 426400
19.400283 364000
19.500123 436800
19.600043 395200
19.700011 436800
19.800539 405600
19.900379 405600
20.000219 426400
20.100059 426400
20.200027 457600
20.300571 457600
20.400411 488800
20.500251 686400
20.600091 728000
20.700011 655200
20.800603 811200
20.900459 717600
21.000651 956800
21.100043 852800
21.200027 884000
21.300139 1008800
21.400331 904800
21.500411 1092000
21.600603 967200
21.700011 1050400
21.800043 1092000
21.900187 1071200
22.000299 1175200
22.100491 1133600
22.200571 1206400
22.300011 1196000
22.400043 1227200
22.500011 1248000
22.600011 1258400
22.700491 1248000
22.800331 1248000
22.900171 1248000
23.000011 1248000
23.100043 1258400
23.200523 1248000
23.300363 1248000
23.400203 1248000
23.500043 1248000
23.600027 1258400
23.700555 1248000
23.800395 1248000
23.900235 1248000
24.000075 1248000
24.100011 1258400
24.200587 1248000
24.300427 1248000
24.400267 1248000
24.500107 1248000
24.600043 1258400
24.700619 1248000
24.800459 1248000
24.900299 1248000
25.000139 1248000
25.100011 1248000
25.200011 1258400
25.300491 1248000
25.400331 1248000
25.500171 1248000
25.600011 1248000
25.700043 1258400
25.800523 1248000
25.900363 1248000
26.000203 1248000
26.100043 1248000
26.200027 1258400
26.300555 1248000
26.400395 1248000
26.500235 1248000
26.600075 1248000
26.700011 1258400
26.800587 1248000
26.900427 1248000
27.000267 1248000
27.100107 1248000
27.200043 1258400
27.300619 1248000
27.400459 1248000
27.500299 1248000
27.600139 1248000
27.700011 1248000
27.800011 1258400
27.900491 1248000
28.000331 1248000
28.100171 1248000
28.200011 1248000
28.300043 1258400
28.400523 1248000
28.500363 1248000
28.600203 1248000
28.700043 1248000
28.800027 1258400
28.900555 1248000
29.000395 1248000
29.100235 1248000
29.200075 1248000
29.300011 1258400
29.400587 1248000
29.500427 1248000
29.600267 1248000
29.700107 1248000
29.800043 1258400
29.900619 1248000
29.999819 1248000
