1 5.0 90665.210000000006
2 5.0896535500000004 147154.89999999999
3 5.0993438810000002 54926.120000000003
4 5.1134319010000002 72865.880000000005
5 5.1443764810000001 66868.839999999997
6 5.209903841 53374.260000000002
7 5.3498399409999999 172026.89999999999
8 5.3601647909999999 309181.20000000001
9 5.3993757210000002 227211.5
10 5.4634570910000004 103055.3
11 5.6595848910000006 62472.129999999997
12 5.6778753110000002 439061.70000000001
13 5.6797857399999998 64619.239999999998
14 5.7034946699999995 55056.730000000003
15 5.7391131 56395.949999999997
16 5.7972366600000003 72337.119999999995
17 5.8312119999999998 119371.89999999999
18 5.8326207619999995 58387.029999999999
19 5.8593908419999998 55636.849999999999
20 5.9393748119999996 59894.849999999999
21 5.9410794889999998 51203.139999999999
22 5.9581922889999994 174573.39999999999
23 5.9841769089999994 52104.900000000001
24 5.9926968709999997 62105.150000000001
25 6.0065825209999995 132521.0
26 6.0539557409999993 80816.059999999998
27 6.0573821359999993 66767.559999999998
28 6.0884425859999993 61363.970000000001
29 6.0950000079999995 72811.649999999994
30 6.1076433479999999 76429.789999999994
31 6.2677486479999995 62820.389999999999
32 6.2692941639999997 57703.959999999999
33 6.3444204639999997 50012.209999999999
34 6.3946910839999997 54744.690000000002
35 6.3982517579999998 72963.25
36 6.4687509780000001 54118.599999999999
37 6.5942689779999997 137242.0
38 6.6143890079999998 54118.360000000001
39 6.6283367279999998 99983.479999999996
40 6.6588434679999997 86080.460000000006
41 10.0 85701.339999999997
42 10.07396924 55541.57
43 10.09386675 57183.489999999998
44 10.103502832 89454.309999999998
45 10.120394392 145827.10000000001
46 10.177918071999999 73785.75
47 10.254590722 61446.529999999999
48 10.277891362 141841.10000000001
49 10.313214772 561438.69999999995
50 10.321151279 134700.0
51 10.358546629000001 128265.10000000001
52 10.402666669 52621.290000000001
53 10.474885309000001 58849.279999999999
54 10.646190409000001 134777.60000000001
55 10.659212399000001 60839.300000000003
56 10.719317809000001 74600.860000000001
57 10.770222819000001 119272.10000000001
58 10.777480603000001 58128.980000000003
59 10.848529543000001 56275.400000000001
60 10.848687253400001 59812.32
61 10.943311173400001 134753.29999999999
62 10.979119423400002 59180.309999999998
63 11.024001143400001 82411.509999999995
64 11.250786043400002 170986.5
65 11.283002653400002 108078.89999999999
66 11.288289433400003 517157.40000000002
67 11.310498563400003 102240.60000000001
68 11.318999840400004 116814.7
69 11.337234410400004 62751.5
70 11.355813970400003 58538.0
71 11.399236020400004 251209.29999999999
72 11.404713351400003 90439.320000000007
73 11.498803321400004 52814.260000000002
74 11.538480941400005 66109.050000000003
75 11.593202671400006 113271.89999999999
76 11.628286761400005 76314.389999999999
77 11.699034851400006 76557.820000000007
78 11.857133651400005 57883.199999999997
79 11.868290041400005 78360.169999999998
80 11.907688581400006 110261.0
81 15.0 88174.240000000005
82 15.05460997 53005.300000000003
83 15.0549506032 57930.089999999997
84 15.0844756532 282950.79999999999
85 15.1064193132 86877.529999999999
86 15.246238613199999 96934.699999999997
87 15.343810813199999 50389.330000000002
88 15.393658913199999 85885.830000000002
89 15.4422549832 96343.860000000001
90 15.444200397199999 59949.790000000001
91 15.4561593072 89506.089999999997
92 15.5810602072 153604.79999999999
93 15.5897347262 173542.60000000001
94 15.6594541262 92818.929999999993
95 15.7131577662 61754.919999999998
96 15.7530152362 55769.730000000003
97 15.7653042362 53947.040000000001
98 15.8178655262 55278.970000000001
99 15.8568881762 80585.630000000005
100 15.8601870182 59259.440000000002
101 15.9898048182 62105.449999999997
102 16.078865398200001 66456.660000000003
103 16.223376298200002 98475.460000000006
104 16.320967098200001 73296.699999999997
105 16.3785480182 80060.0
106 16.416762548200001 195062.39999999999
107 16.5051183082 52339.260000000002
108 16.508553895199999 79709.740000000005
109 16.5122741142 54766.540000000001
110 16.5672757442 52987.629999999997
111 16.592255264199999 66132.940000000002
112 16.614815454199999 85178.25
113 16.653972034199999 87194.330000000002
114 16.661246888199997 55939.82
115 16.739018888199997 152630.70000000001
116 16.756146818199998 56076.900000000001
117 16.767864458199998 140628.5
118 16.872863758199998 57498.07
119 16.907725418199998 108260.5
120 16.920360948199999 659797.30000000005
