0.110032 0
0.20272 21200
0.300368 41600
0.40048 249600
0.500608 332800
0.60064 1071200
0.70048 1248000
0.80032 1248000
0.90016 1248000
1 1248000
1.100032 1258400
1.200512 1248000
1.300352 1248000
1.400192 1248000
1.500032 1248000
1.600016 1258400
1.700544 1248000
1.800384 1248000
1.900224 1248000
2.000064 1248000
2.100048 1258400
2.200576 1248000
2.300416 1248000
2.400256 1248000
2.500096 1248000
2.600032 1258400
2.700608 1248000
2.800448 1248000
2.900288 1248000
3.000128 1248000
3.100016 1248000
3.20064 1258400
3.30048 1248000
3.40032 1248000
3.50016 1248000
3.600016 1248000
3.700032 1258400
3.800512 1248000
3.900352 1248000
4.000192 1248000
4.100032 1248000
4.200016 1258400
4.300544 1248000
4.400384 1248000
4.500224 1248000
4.600064 1248000
4.7 1258400
4.800576 1248000
4.900416 1248000
5 1248000
5.100096 1227200
5.20008 1102400
5.3 1008800
5.400624 800800
5.50048 748800
5.600528 520000
5.700379 62400
5.800688 72800
5.90056 187200
6.000448 239200
6.100304 343200
6.200176 31200
6.300016 10400
6.400032 0
6.500528 0
6.600368 0
6.700208 0
6.800048 0
6.900016 10400
7.00056 20800
7.1004 20800
7.20024 41600
7.30008 93600
7.400112 62400
7.500272 145600
7.600384 145600
7.700576 135200
7.80064 239200
7.9 135200
8.000128 301600
8.100288 260000
8.200432 270400
8.30056 395200
8.400736 228800
8.500032 457600
8.600176 343200
8.700288 405600
8.800416 457600
8.900496 384800
9.000496 572000
9.10056 457600
9.200688 582400
9.3 572000
9.400176 520000
9.500122 676000
9.600432 530400
9.700272 551200
9.800112 530400
9.900032 426400
10 426400
10.100496 457600
10.200544 166400
10.300464 41600
10.400384 135200
10.500224 239200
10.600112 104000
10.700032 10400
10.800624 10400
10.900544 20800
11.000528 62400
11.100496 83200
11.200368 104000
11.300208 93600
11.40008 62400
11.5 62400
11.600032 0
11.700432 20800
11.800304 104000
11.900176 62400
12.000016 72800
12.100032 83200
12.200528 0
12.300368 0
12.400208 0
12.500048 0
12.6 0
12.70056 0
12.8004 0
12.90024 0
13.00008 0
13.1 0
13.200592 0
13.300432 0
13.400272 0
13.500112 0
13.600032 0
13.700032 0
13.800464 0
13.900304 0
14.000144 0
14.1 0
14.2 0
14.300496 0
14.400336 0
14.500368 0
14.600512 0
14.700496 0
14.80064 0
14.900032 0
15 0
15.1 0
15.20008 10400
15.300016 41600
15.400016 31200
15.50056 93600
15.600496 62400
15.700368 72800
15.800272 145600
15.900144 104000
16.000064 104000
16.1 114400
16.2 93600
16.300528 31200
16.400464 20800
16.5004 62400
16.60024 62400
16.70008 72800
16.8 31200
16.900592 0
17.000432 0
17.10032 10400
17.200208 20800
17.300048 41600
17.400032 52000
17.500624 83200
17.600464 72800
17.700304 52000
17.800144 31200
17.9 20800
18 10400
18.100496 62400
18.200336 72800
18.300192 83200
18.400336 104000
18.500448 166400
18.60064 114400
18.70072 239200
18.800064 156000
18.900144 260000
19.000352 270400
19.10056 228800
19.200497 384800
19.300016 228800
19.400048 426400
19.500256 353600
19.600368 395200
19.70024 322400
19.800112 395200
19.900016 353600
20.000016 280800
20.100528 176800
20.2004 114400
20.30024 62400
20.40008 83200
20.500048 176800
20.600592 249600
20.700432 176800
20.800272 176800
20.900112 166400
21.000032 228800
21.100624 312000
21.200464 228800
21.300304 249600
21.400144 332800
21.500016 426400
21.600016 291200
21.700496 301600
21.800336 312000
21.900176 312000
22.000016 332800
22.100032 353600
22.200528 561600
22.30064 530400
22.400032 634400
22.500624 540800
22.600464 644800
22.700304 603200
22.800144 676000
22.900016 655200
23.000016 686400
23.100496 624000
23.200336 655200
23.300176 728000
23.400016 686400
23.500032 676000
23.600528 780000
23.700368 644800
23.800208 759200
23.900048 696800
24.000016 811200
24.10056 655200
24.2004 800800
24.30024 738400
24.40008 748800
24.500048 842400
24.600592 728000
24.700432 728000
24.800272 821600
24.900112 790400
25.000032 780000
25.100624 915200
25.200464 1040000
25.300304 977600
25.400144 894400
25.500016 1040000
25.600016 1040000
25.700496 977600
25.800336 925600
25.900176 1019200
26.000048 1040000
26.100016 1029600
26.20056 967200
26.3004 904800
26.40024 936000
26.50008 988000
26.600048 988000
26.700592 956800
26.800432 956800
26.900272 915200
27.000112 884000
27.100032 863200
27.200624 852800
27.300464 863200
27.400304 884000
27.500144 884000
27.600016 873600
27.700016 873600
27.800496 852800
27.900336 842400
28.000176 832000
28.100016 988000
28.200032 1040000
28.300528 967200
28.400368 925600
28.500208 1029600
28.600048 1040000
28.700016 1040000
28.80056 967200
28.9004 925600
29.00024 1029600
29.10008 1040000
29.200048 1040000
29.300592 956800
29.400432 936000
29.500272 1029600
29.600112 1040000
29.700032 1029600
29.800624 956800
29.900464 936000
30.000304 1040000
30.100144 1040000
30.200016 1019200
30.300016 967200
30.400496 936000
30.500336 1040000
30.600176 1040000
30.700016 1019200
30.800032 956800
30.900528 946400
31.000368 1040000
31.100208 1040000
31.200048 1019200
31.300016 956800
31.40056 946400
31.5004 1040000
31.60024 1040000
31.70008 1019200
31.800048 946400
31.900592 956800
32.000464 1040000
32.100304 1029600
32.200144 998400
32.300016 946400
32.400016 915200
32.500496 936000
32.600336 977600
32.700176 967200
32.800016 956800
32.900032 956800
33.000528 915200
33.100368 873600
33.200208 884000
33.300048 863200
33.400016 1019200
33.50056 1040000
33.6004 1029600
33.70024 967200
33.80008 925600
33.900048 1040000
34.000592 1040000
34.100432 1029600
34.200272 967200
34.300112 925600
34.400032 1040000
34.500624 1040000
34.600464 1029600
34.700304 956800
34.800144 936000
34.900016 1029600
35.000016 1050400
35.100496 1019200
35.200336 956800
35.300176 946400
35.400016 1029600
35.500032 1050400
35.600528 1019200
35.700368 956800
35.800208 946400
35.900048 1029600
36.000016 1050400
36.10056 1019200
36.2004 946400
36.30024 946400
36.40008 1040000
36.500048 1050400
36.600592 1019200
36.700432 946400
36.800272 946400
36.900112 1040000
37.000032 1050400
37.100624 1008800
37.200464 946400
37.300304 956800
37.400144 1040000
37.500016 1040000
37.600016 1019200
37.700496 946400
37.800336 956800
37.900176 1040000
38.000016 1029600
38.100032 1029600
38.200528 936000
38.300368 967200
38.400208 1040000
38.500048 1029600
38.600016 1019200
38.70056 936000
38.8004 977600
38.90024 1040000
39.00008 1029600
39.100048 1019200
39.200592 936000
39.300432 977600
39.400272 1040000
39.500112 1029600
39.600032 1019200
39.700624 925600
39.800464 988000
39.900304 1040000
40.000144 1029600
40.100016 1008800
40.200016 936000
40.300496 988000
40.400336 1040000
40.500176 1029600
40.600016 998400
40.700032 946400
40.800528 988000
40.900368 1040000
41.000208 1029600
41.100048 998400
41.200016 946400
41.30056 988000
41.4004 1040000
41.50024 1029600
41.60008 998400
41.700048 946400
41.800592 988000
41.900432 1040000
42.000272 1029600
42.100112 988000
42.200032 946400
42.300624 998400
42.400464 1040000
42.500304 1029600
42.600144 988000
42.700016 936000
42.800016 1008800
42.900496 1040000
43.000336 1029600
43.100176 977600
43.200016 936000
43.300032 1019200
43.400528 1040000
43.500368 1029600
43.600208 977600
43.700048 925600
43.800016 1029600
43.90056 1040000
44.0004 1029600
44.10024 967200
44.20008 925600
44.300048 1040000
44.400592 1040000
44.500432 1029600
44.600272 967200
44.700112 925600
44.800032 1040000
44.900624 1040000
45.000464 1029600
45.100304 956800
45.200144 936000
45.300016 1029600
45.400016 1050400
45.500496 1019200
45.600336 956800
45.700176 946400
45.800016 1029600
45.900032 1050400
46.000528 1019200
46.100368 956800
46.200208 946400
46.300048 1029600
46.400016 1050400
46.50056 1019200
46.6004 946400
46.70024 946400
46.80008 1040000
46.900048 1050400
47.000592 1019200
47.100432 946400
47.200272 946400
47.300112 1040000
47.400032 1050400
47.500624 1008800
47.600464 946400
47.700304 956800
47.800144 1040000
47.900016 1040000
48.000016 1019200
48.100496 946400
48.200336 956800
48.300176 1040000
48.400016 1029600
48.500032 1029600
48.600528 936000
48.700368 967200
48.800208 1040000
48.900048 1029600
49.000016 1019200
49.10056 936000
49.2004 977600
49.30024 1040000
49.40008 1029600
49.500048 1019200
49.600592 936000
49.700432 977600
49.800272 1040000
49.900112 1029600
50.000032 1019200
50.100624 925600
50.200464 988000
50.300304 1040000
50.400144 1029600
50.500016 1008800
50.600016 936000
50.700496 988000
50.800336 1040000
50.900176 1029600
51.000016 998400
51.100032 946400
51.200528 988000
51.300368 1040000
51.400208 1029600
51.500048 998400
51.600016 946400
51.70056 988000
51.8004 1040000
51.90024 1029600
52.00008 998400
52.100048 946400
52.200592 988000
52.300432 1040000
52.400272 1029600
52.500112 988000
52.600032 946400
52.700624 998400
52.800464 1040000
52.900304 1029600
53.000144 988000
53.100016 936000
53.200016 1008800
53.300496 1040000
53.400336 1029600
53.500176 977600
53.600016 936000
53.700032 1019200
53.800528 1040000
53.900368 1029600
54.000208 977600
54.100048 925600
54.200016 1029600
54.30056 1040000
54.4004 1029600
54.50024 967200
54.60008 925600
54.700048 1040000
54.800592 1040000
54.900432 1029600
55.000272 967200
55.100112 925600
55.200032 1040000
55.300624 1040000
55.400464 1029600
55.500304 956800
55.600144 936000
55.700016 1029600
55.800016 1050400
55.900496 1019200
56.000336 956800
56.100176 946400
56.200016 1029600
56.300032 1050400
56.400528 1019200
56.500368 956800
56.600208 946400
56.700048 1029600
56.800016 1050400
56.90056 1019200
57.0004 946400
57.10024 946400
57.20008 1040000
57.300048 1050400
57.400592 1019200
57.500432 946400
57.600272 946400
57.700112 1040000
57.800032 1050400
57.900624 1008800
58.000464 946400
58.100304 956800
58.200144 1040000
58.300016 1040000
58.400016 1019200
58.500496 946400
58.600336 956800
58.700176 1040000
58.800016 1029600
58.900032 1029600
59.000528 936000
59.100368 967200
59.200208 1040000
59.300048 1029600
59.400016 1019200
59.50056 936000
59.6004 977600
59.70024 1040000
59.80008 1029600
59.900048 1019200
60.000592 936000
60.100432 977600
60.200272 1040000
60.300112 1029600
60.400032 1019200
60.500624 925600
60.600464 988000
60.700304 1040000
60.800144 1029600
60.900016 1008800
61.000016 936000
61.100496 988000
61.200336 1040000
61.300176 1029600
61.400016 998400
61.500032 946400
61.600528 988000
61.700368 1040000
61.800208 1029600
61.900048 998400
62.000016 946400
62.10056 988000
62.2004 1040000
62.30024 1029600
62.40008 998400
62.500048 946400
62.600592 988000
62.700432 1040000
62.800272 1029600
62.900112 988000
63.000032 946400
63.100624 998400
63.200464 1040000
63.300304 1029600
63.400144 988000
63.500016 936000
63.600016 1008800
63.700496 1040000
63.800336 1029600
63.900176 977600
64.000016 936000
64.100032 1019200
64.200528 1040000
64.300368 1029600
64.400208 977600
64.500048 925600
64.600016 1029600
64.70056 1040000
64.8004 1029600
64.90024 967200
65.00008 925600
65.100048 1040000
65.200592 1040000
65.300432 1029600
65.400272 967200
65.500112 925600
65.600032 1040000
65.700624 1040000
65.800464 1029600
65.900304 956800
66.000144 936000
66.100016 1029600
66.200016 1050400
66.300496 1019200
66.400336 956800
66.500176 946400
66.600016 1029600
66.700032 1050400
66.800528 1019200
66.900368 956800
67.000208 946400
67.100048 1029600
67.200016 1050400
67.30056 1019200
67.4004 946400
67.50024 946400
67.60008 1040000
67.700048 1050400
67.800592 1019200
67.900432 946400
68.000272 946400
68.100112 1040000
68.200032 1050400
68.300624 1008800
68.400464 946400
68.500304 956800
68.600144 1040000
68.700016 1040000
68.800016 1019200
68.900496 946400
69.000336 956800
69.100176 1040000
69.200016 1029600
69.300032 1029600
69.400528 936000
69.500368 967200
69.600208 1040000
69.700048 1029600
69.800016 1019200
69.90056 936000
70.0004 977600
70.10024 1040000
70.20008 1029600
70.300048 1019200
70.400592 936000
70.500432 977600
70.600272 1040000
70.700112 1029600
70.800032 1019200
70.900624 925600
71.000464 988000
71.100304 1040000
71.200144 1029600
71.300016 1008800
71.400016 936000
71.500496 988000
71.600336 1040000
71.700176 1029600
71.800016 998400
71.900032 946400
72.000528 988000
72.100368 1040000
72.200208 1029600
72.300048 998400
72.400016 946400
72.50056 988000
72.6004 1040000
72.70024 1029600
72.80008 998400
72.900048 946400
73.000592 988000
73.100432 1040000
73.200272 1029600
73.300112 988000
73.400032 946400
73.500624 998400
73.600464 1040000
73.700304 1029600
73.800144 988000
73.900016 936000
74.000016 1008800
74.100496 1040000
74.200336 1029600
74.300176 977600
74.400016 936000
74.500032 1019200
74.600528 1040000
74.700368 1029600
74.800208 977600
74.900048 925600
75.000016 1029600
75.10056 1040000
75.2004 1029600
75.30024 967200
75.40008 925600
75.5 1040000
75.600592 1040000
75.700432 1029600
75.800272 967200
75.900112 925600
76.000032 1040000
76.100624 1040000
76.200464 1029600
76.300304 956800
76.400144 936000
76.5 1029600
76.6 1050400
76.700496 1019200
76.800336 956800
76.900176 946400
77.000016 1029600
77.100032 1050400
77.200528 1019200
77.300368 956800
77.400208 946400
77.500048 1029600
77.600016 1050400
77.70056 1019200
77.8004 946400
77.90024 946400
78.00008 1040000
78.1 1050400
78.200592 1019200
78.300432 946400
78.400272 946400
78.500112 1040000
78.600032 1050400
78.700624 1008800
78.800464 946400
78.900304 956800
79.000144 1040000
79.1 1040000
79.2 1019200
79.300496 946400
79.400336 956800
79.500176 1040000
79.600016 1029600
79.700032 1029600
79.800528 936000
79.900368 967200
80.000208 1040000
80.100048 1029600
80.200016 1019200
80.30056 936000
80.4004 977600
80.50024 1040000
80.60008 1029600
80.7 1019200
80.800592 936000
80.900432 977600
81.000272 1040000
81.100112 1029600
81.200032 1019200
81.300624 925600
81.400464 988000
81.500304 1040000
81.600144 1029600
81.7 1008800
81.8 936000
81.900496 988000
82.000336 1040000
82.100176 1029600
82.200016 998400
82.300032 946400
82.400528 988000
82.500368 1040000
82.600208 1029600
82.700048 998400
82.800016 946400
82.90056 988000
83.0004 1040000
83.10024 1029600
83.20008 998400
83.3 946400
83.400592 988000
83.500432 1040000
83.600272 1029600
83.700112 988000
83.800032 946400
83.900624 998400
84.000464 1040000
84.100304 1029600
84.200144 988000
84.3 936000
84.4 1008800
84.500496 1040000
84.600336 1029600
84.700176 977600
84.800016 936000
84.900032 1019200
85.000528 1040000
85.100368 1029600
85.200208 977600
85.300048 925600
85.400016 1029600
85.50056 1040000
85.6004 1029600
85.70024 967200
85.80008 925600
85.9 1040000
86.000592 1040000
86.100432 1029600
86.200272 967200
86.300112 925600
86.400032 1040000
86.500624 1040000
86.600464 1029600
86.700304 956800
86.800144 936000
86.9 1029600
87 1050400
87.100496 1019200
87.200336 956800
87.300176 946400
87.400016 1029600
87.500032 1050400
87.600528 1019200
87.700368 956800
87.800208 946400
87.900048 1029600
88.000016 1050400
88.10056 1019200
88.2004 946400
88.30024 946400
88.40008 1040000
88.5 1050400
88.600592 1019200
88.700432 946400
88.800272 946400
88.900112 1040000
89.000032 1050400
89.100624 1008800
89.200464 946400
89.300304 956800
89.400144 1040000
89.5 1040000
89.6 1019200
89.700496 946400
89.800336 956800
89.900176 1040000
90.000016 1029600
90.100032 1029600
90.200528 936000
90.300368 967200
90.400208 1040000
90.500048 1029600
90.600016 1019200
90.70056 936000
90.8004 977600
90.90024 1040000
91.00008 1029600
91.1 1019200
91.200592 936000
91.300432 977600
91.400272 1040000
91.500112 1029600
91.600032 1019200
91.700624 925600
91.800464 988000
91.900304 1040000
92.000144 1029600
92.1 1008800
92.2 936000
92.300496 988000
92.400336 1040000
92.500176 1029600
92.600016 998400
92.700032 946400
92.800528 988000
92.900368 1040000
93.000208 1029600
93.100048 998400
93.200016 946400
93.30056 988000
93.4004 1040000
93.50024 1029600
93.60008 998400
93.7 946400
93.800592 988000
93.900432 1040000
94.000272 1029600
94.100112 988000
94.200032 946400
94.300624 998400
94.400464 1040000
94.500304 1029600
94.600144 988000
94.7 936000
94.8 1008800
94.900496 1040000
95.000336 1029600
95.100176 977600
95.200016 936000
95.300032 1019200
95.400528 1040000
95.500368 1029600
95.600208 977600
95.700048 925600
95.800016 1029600
95.90056 1040000
96.0004 1029600
96.10024 967200
96.20008 925600
96.3 1040000
96.400592 1040000
96.500432 1029600
96.600272 967200
96.700112 925600
96.800032 1040000
96.900624 1040000
97.000464 1029600
97.100304 956800
97.200144 936000
97.3 1029600
97.4 1050400
97.500496 1019200
97.600336 956800
97.700176 946400
97.800016 1029600
97.900032 1050400
98.000528 1019200
98.100368 956800
98.200208 946400
98.300048 1029600
98.400016 1050400
98.50056 1019200
98.6004 946400
98.70024 946400
98.80008 1040000
98.9 1050400
99.000592 1019200
99.100432 946400
99.200272 946400
99.300112 1040000
99.400032 1050400
99.500624 1008800
99.600464 946400
99.700304 956800
99.800144 1040000
99.9 1040000
99.999952 1019200
