0.10000000000000001 1 80
0.20000000000000001 2 80
0.30000000000000004 8 80
0.40000000000000002 16 80
0.5 64 80
0.59999999999999998 80.6226 80
0.69999999999999996 82.1098 80
0.79999999999999993 83.5586 80
0.89999999999999991 84.9827 80
0.99999999999999989 86.3833 80
1.0999999999999999 87.7616 80
1.2 89.1297 80
1.3 90.4661 80
1.4000000000000001 91.7831 80
1.5000000000000002 93.0814 80
1.6000000000000003 94.3619 80
1.7000000000000004 95.6357 80
1.8000000000000005 96.8824 80
1.9000000000000006 98.1132 80
2.0000000000000004 99.3288 80
2.1000000000000005 100.53 80
2.2000000000000006 101.726 80
2.3000000000000007 102.899 80
2.4000000000000008 104.059 80
2.5000000000000009 105.206 80
2.600000000000001 106.34 80
2.7000000000000011 107.472 80
2.8000000000000012 108.583 80
2.9000000000000012 109.683 80
3.0000000000000013 110.772 80
3.1000000000000014 111.85 80
3.2000000000000015 112.926 80
3.3000000000000016 113.984 80
3.4000000000000017 115.032 80
3.5000000000000018 116.071 80
3.6000000000000019 117.1 80
3.700000000000002 118.12 80
3.800000000000002 119.14 80
3.9000000000000021 120.143 80
4.0000000000000018 121.138 80
4.1000000000000014 122.125 80
4.2000000000000011 123.103 80
4.3000000000000007 124.082 80
4.4000000000000004 125.046 80
4.5 126.002 80
4.5999999999999996 126.951 80
4.6999999999999993 127.892 80
4.7999999999999989 128.835 80
4.8999999999999986 129.763 80
4.9999999999999982 130.685 80
5.0999999999999979 131.6 80
5.1999999999999975 132.463 80
5.2999999999999972 133.246 80
5.3999999999999968 133.86 80
5.4999999999999964 134.449 80
5.5999999999999961 135.08 80
5.6999999999999957 135.818 80
5.7999999999999954 136.494 80
5.899999999999995 1 40
5.9999999999999947 2 40
6.0999999999999943 5 40
6.199999999999994 14 40
6.2999999999999936 28 40
6.3999999999999932 40.3981 40
6.4999999999999929 40.3981 40
6.5999999999999925 1 20
6.6999999999999922 2 20
6.7999999999999918 8 20
6.8999999999999915 16 20
6.9999999999999911 20.592 20
7.0999999999999908 21.4492 20
7.1999999999999904 22.4079 20
7.2999999999999901 23.37 20
7.3999999999999897 24.3351 20
7.4999999999999893 25.3029 20
7.599999999999989 26.273 20
7.6999999999999886 1 13
7.7999999999999883 2 13
7.8999999999999879 8 13
7.9999999999999876 13.2294 13
8.0999999999999872 15.1378 13
8.1999999999999869 16.3472 13
8.2999999999999865 18.0369 13
8.3999999999999861 19.8349 13
8.4999999999999858 20.9159 13
8.5999999999999854 22.7939 13
8.6999999999999851 23.8665 13
8.7999999999999847 25.6453 13
8.8999999999999844 26.865 13
8.999999999999984 28.527 13
9.0999999999999837 30.1636 13
9.1999999999999833 31.526 13
9.2999999999999829 33.2557 13
9.3999999999999826 34.3507 13
9.4999999999999822 35.4684 13
9.5999999999999819 36.5244 13
9.6999999999999815 37.5241 13
9.7999999999999812 38.4979 13
9.8999999999999808 39.5742 13
9.9999999999999805 41.1115 13
10.09999999999998 42.1922 13
10.19999999999998 43.2227 13
10.299999999999979 44.2519 13
10.399999999999979 45.2355 13
10.499999999999979 1 22
10.599999999999978 2 22
10.699999999999978 7 22
10.799999999999978 8 22
10.899999999999977 18 22
10.999999999999977 22.7163 22
11.099999999999977 23.7081 22
11.199999999999976 24.8621 22
11.299999999999976 25.8875 22
11.399999999999975 26.7618 22
11.499999999999975 27.6809 22
11.599999999999975 28.6053 22
11.699999999999974 30.0718 22
11.799999999999974 30.9248 22
11.899999999999974 1 15
11.999999999999973 3 15
12.099999999999973 4 15
12.199999999999973 15 15
12.299999999999972 16.1578 15
12.399999999999972 16.826 15
12.499999999999972 16.826 15
12.599999999999971 1 8
12.699999999999971 2 8
12.799999999999971 7 8
12.89999999999997 8.95059 8
12.99999999999997 10.6907 8
13.099999999999969 11.5919 8
13.199999999999969 13.4358 8
13.299999999999969 14.6495 8
13.399999999999968 16.27 8
13.499999999999968 18.1886 8
13.599999999999968 19.154 8
13.699999999999967 21.0944 8
13.799999999999967 22.2041 8
13.899999999999967 24.023 8
13.999999999999966 25.6743 8
14.099999999999966 26.9299 8
14.199999999999966 28.832 8
14.299999999999965 29.855 8
14.399999999999965 31.7077 8
14.499999999999964 33.1274 8
14.599999999999964 34.6045 8
14.699999999999964 36.2424 8
14.799999999999963 37.5173 8
14.899999999999963 38.8534 8
14.999999999999963 40.0202 8
15.099999999999962 41.0809 8
15.199999999999962 42.0198 8
15.299999999999962 1 21
15.399999999999961 4 21
15.499999999999961 8 21
15.599999999999961 16 21
15.69999999999996 21.7033 21
15.79999999999996 22.1597 21
15.899999999999959 2 11
15.999999999999959 4 11
16.099999999999959 11.0909 11
16.19999999999996 11.7928 11
16.299999999999962 12.6942 11
16.399999999999963 13.2358 11
16.499999999999964 1 6
16.599999999999966 4 6
16.699999999999967 6 6
16.799999999999969 7.36254 6
16.89999999999997 8.73956 6
16.999999999999972 9.82331 6
17.099999999999973 10.6101 6
17.199999999999974 11.4302 6
17.299999999999976 12.2769 6
17.399999999999977 13.221 6
17.499999999999979 14.3833 6
17.59999999999998 15.5228 6
17.699999999999982 16.4625 6
17.799999999999983 17.4089 6
17.899999999999984 18.361 6
17.999999999999986 19.3178 6
18.099999999999987 20.2787 6
18.199999999999989 21.2902 6
18.29999999999999 22.524 6
18.399999999999991 23.8618 6
18.499999999999993 25.1284 6
18.599999999999994 26.1817 6
18.699999999999996 27.2309 6
18.799999999999997 28.2764 6
18.899999999999999 29.455 6
19 31.0105 6
19.100000000000001 32.0575 6
19.200000000000003 33.0713 6
19.300000000000004 34.0844 6
19.400000000000006 35.0681 6
19.500000000000007 36.0805 6
19.600000000000009 37.0922 6
19.70000000000001 38.2343 6
19.800000000000011 39.4955 6
19.900000000000013 40.5453 6
20.000000000000014 41.5926 6
20.100000000000016 42.5672 6
20.200000000000017 43.543 6
20.300000000000018 44.6096 6
20.40000000000002 45.6074 6
20.500000000000021 46.7125 6
20.600000000000023 48.1465 6
20.700000000000024 49.5794 6
20.800000000000026 50.8935 6
20.900000000000027 52.4612 6
21.000000000000028 53.9092 6
21.10000000000003 55.4638 6
21.200000000000031 57.0812 6
21.300000000000033 58.5174 6
21.400000000000034 60.2521 6
21.500000000000036 61.7117 6
21.600000000000037 63.3432 6
21.700000000000038 64.8875 6
21.80000000000004 66.3808 6
21.900000000000041 68.0326 6
22.000000000000043 69.559 6
22.100000000000044 71.1792 6
22.200000000000045 72.7221 6
22.300000000000047 74.2733 6
22.400000000000048 75.8587 6
22.50000000000005 77.4246 6
22.600000000000051 78.9594 6
22.700000000000053 80.4773 6
22.800000000000054 81.955 6
22.900000000000055 83.4065 6
23.000000000000057 84.8331 6
23.100000000000058 86.2361 6
23.20000000000006 87.6281 6
23.300000000000061 88.9871 6
23.400000000000063 90.3256 6
23.500000000000064 91.6446 6
23.600000000000065 92.9449 6
23.700000000000067 94.2378 6
23.800000000000068 95.5027 6
23.90000000000007 96.7512 6
24.000000000000071 97.9837 6
24.100000000000072 99.2009 6
24.200000000000074 100.413 6
24.300000000000075 101.601 6
24.400000000000077 102.776 6
24.500000000000078 103.937 6
24.60000000000008 105.085 6
24.700000000000081 106.23 6
24.800000000000082 107.354 6
24.900000000000084 108.466 6
25.000000000000085 109.567 6
25.100000000000087 110.657 6
25.200000000000088 111.736 6
25.30000000000009 112.814 6
25.400000000000091 113.873 6
25.500000000000092 114.922 6
25.600000000000094 115.961 6
25.700000000000095 116.991 6
25.800000000000097 118.021 6
25.900000000000098 119.034 6
26.000000000000099 120.038 6
26.100000000000101 121.033 6
26.200000000000102 122.021 6
26.300000000000104 123.008 6
26.400000000000105 123.98 6
26.500000000000107 124.944 6
26.600000000000108 125.901 6
26.700000000000109 126.851 6
26.800000000000111 127.801 6
26.900000000000112 128.736 6
27.000000000000114 129.665 6
27.100000000000115 130.587 6
27.200000000000117 131.503 6
27.300000000000118 132.42 6
27.400000000000119 133.323 6
27.500000000000121 134.22 6
27.600000000000122 135.112 6
27.700000000000124 135.997 6
27.800000000000125 136.876 6
27.900000000000126 137.758 6
28.000000000000128 138.626 6
28.100000000000129 139.489 6
28.200000000000131 140.347 6
28.300000000000132 141.199 6
28.400000000000134 142.053 6
28.500000000000135 142.896 6
28.600000000000136 143.733 6
28.700000000000138 144.566 6
28.800000000000139 145.393 6
28.900000000000141 146.223 6
29.000000000000142 147.042 6
29.100000000000144 147.855 6
29.200000000000145 148.665 6
29.300000000000146 149.47 6
29.400000000000148 150.277 6
29.500000000000149 151.074 6
29.600000000000151 151.866 6
29.700000000000152 152.654 6
29.800000000000153 153.438 6
29.900000000000155 154.225 6
