0.10000000000000001 1 80
0.20000000000000001 2 80
0.30000000000000004 8 80
0.40000000000000002 16 80
0.5 64 80
0.59999999999999998 80.6226 80
0.69999999999999996 82.1098 80
0.79999999999999993 83.5586 80
0.89999999999999991 84.9827 80
0.99999999999999989 86.3833 80
1.0999999999999999 87.7616 80
1.2 89.1297 80
1.3 90.4661 80
1.4000000000000001 91.7831 80
1.5000000000000002 93.0814 80
1.6000000000000003 94.3619 80
1.7000000000000004 95.6357 80
1.8000000000000005 96.8824 80
1.9000000000000006 98.1132 80
2.0000000000000004 99.3288 80
2.1000000000000005 100.53 80
2.2000000000000006 101.726 80
2.3000000000000007 102.899 80
2.4000000000000008 104.059 80
2.5000000000000009 105.206 80
2.600000000000001 106.34 80
2.7000000000000011 107.472 80
2.8000000000000012 108.583 80
2.9000000000000012 109.683 80
3.0000000000000013 110.772 80
3.1000000000000014 111.85 80
3.2000000000000015 112.926 80
3.3000000000000016 113.984 80
3.4000000000000017 115.032 80
3.5000000000000018 116.071 80
3.6000000000000019 117.1 80
3.700000000000002 118.12 80
3.800000000000002 119.14 80
3.9000000000000021 120.143 80
4.0000000000000018 121.138 80
4.1000000000000014 122.125 80
4.2000000000000011 123.103 80
4.3000000000000007 124.082 80
4.4000000000000004 125.046 80
4.5 126.002 80
4.5999999999999996 126.951 80
4.6999999999999993 127.892 80
4.7999999999999989 128.835 80
4.8999999999999986 129.763 80
4.9999999999999982 130.685 80
5.0999999999999979 131.6 80
5.1999999999999975 132.463 80
5.2999999999999972 133.246 80
5.3999999999999968 133.86 80
5.4999999999999964 134.449 80
5.5999999999999961 135.08 80
5.6999999999999957 135.818 80
5.7999999999999954 136.494 80
5.899999999999995 40 40
5.9999999999999947 40.025 40
6.0999999999999943 40.025 40
6.199999999999994 1 20
6.2999999999999936 2 20
6.3999999999999932 5 20
6.4999999999999929 12 20
6.5999999999999925 20.9773 20
6.6999999999999922 22.1382 20
6.7999999999999918 23.0682 20
6.8999999999999915 23.9621 20
6.9999999999999911 24.7834 20
7.0999999999999908 26.0435 20
7.1999999999999904 27.0241 20
7.2999999999999901 27.9345 20
7.3999999999999897 28.8854 20
7.4999999999999893 29.94 20
7.599999999999989 30.8939 20
7.6999999999999886 31.8821 20
7.7999999999999883 32.8405 20
7.8999999999999879 33.8899 20
7.9999999999999876 34.8505 20
8.0999999999999872 35.8411 20
8.1999999999999869 36.8865 20
8.2999999999999865 38.0085 20
8.3999999999999861 39.0726 20
8.4999999999999858 40.1584 20
8.5999999999999854 41.578 20
8.6999999999999851 42.7874 20
8.7999999999999847 44.4612 20
8.8999999999999844 45.7693 20
8.999999999999984 47.3166 20
9.0999999999999837 48.5478 20
9.1999999999999833 49.668 20
9.2999999999999829 51.1169 20
9.3999999999999826 52.3351 20
9.4999999999999822 53.3759 20
9.5999999999999819 54.3783 20
9.6999999999999815 55.3626 20
9.7999999999999812 28.0046 28
9.8999999999999808 28.0403 28
9.9999999999999805 28.0403 28
10.09999999999998 1 14
10.19999999999998 4 14
10.299999999999979 8 14
10.399999999999979 14.6302 14
10.499999999999979 15.8785 14
10.599999999999978 16.7385 14
10.699999999999978 17.6133 14
10.799999999999978 9.0035 9
10.899999999999977 9.75416 9
10.999999999999977 11.1929 9
11.099999999999977 12.4655 9
11.199999999999976 13.3963 9
11.299999999999976 14.3363 9
11.399999999999975 15.2838 9
11.499999999999975 16.2375 9
11.599999999999975 17.2544 9
11.699999999999974 18.8096 9
11.799999999999974 19.8458 9
11.899999999999974 20.734 9
11.999999999999973 10.5821 10
12.099999999999973 10.6766 10
12.199999999999973 10.6766 10
12.299999999999972 1 5
12.399999999999972 2 5
12.499999999999972 4 5
12.599999999999971 5.93074 5
12.699999999999971 7.30649 5
12.799999999999971 9.14389 5
12.89999999999997 10.0851 5
12.99999999999997 11.9951 5
13.099999999999969 13.0371 5
13.199999999999969 14.6999 5
13.299999999999969 16.2539 5
13.399999999999968 17.5003 5
13.499999999999968 19.4001 5
13.599999999999968 20.4553 5
13.699999999999967 22.2824 5
13.799999999999967 23.6762 5
13.899999999999967 25.1918 5
13.999999999999966 27.1054 5
14.099999999999966 28.1911 5
14.199999999999966 30.08 5
14.299999999999965 31.2225 5
14.399999999999965 33.0287 5
14.499999999999964 34.4229 5
14.599999999999964 36.0137 5
14.699999999999964 37.5103 5
14.799999999999963 38.9752 5
14.899999999999963 40.3125 5
14.999999999999963 41.4623 5
15.099999999999962 42.5576 5
15.199999999999962 43.5336 5
15.299999999999962 21.9726 21
15.399999999999961 22.0181 21
15.499999999999961 22.0181 21
15.599999999999961 1 11
15.69999999999996 3 11
15.79999999999996 6 11
15.899999999999959 10 11
15.999999999999959 11.9618 11
16.099999999999959 12.8513 11
16.19999999999996 13.7559 11
16.299999999999962 14.3969 11
16.399999999999963 14.3969 11
16.499999999999964 1 7
16.599999999999966 1 7
16.699999999999967 1 7
16.799999999999969 1 7
16.89999999999997 1 2
16.999999999999972 2 2
17.099999999999973 2.5 2
17.199999999999974 3.55301 2
17.299999999999976 4.33944 2
17.399999999999977 5.19763 2
17.499999999999979 6.09735 2
17.59999999999998 7.02286 2
17.699999999999982 8.57449 2
17.799999999999983 9.5725 2
17.899999999999984 10.4749 2
17.999999999999986 11.3049 2
18.099999999999987 12.4054 2
18.199999999999989 13.3404 2
18.29999999999999 14.2841 2
18.399999999999991 15.2348 2
18.499999999999993 17.1528 2
18.599999999999994 18.1735 2
18.699999999999996 20.0593 2
18.799999999999997 21.5045 2
18.899999999999999 22.9894 2
19 24.8715 2
19.100000000000001 25.8191 2
19.200000000000003 27.7254 2
19.300000000000004 29.0989 2
19.400000000000006 30.6071 2
19.500000000000007 32.4169 2
19.600000000000009 33.5095 2
19.70000000000001 35.3969 2
19.800000000000011 36.4551 2
19.900000000000013 37.8287 2
20.000000000000014 39.358 2
20.100000000000016 40.7809 2
20.200000000000017 42.2507 2
20.300000000000018 43.3029 2
20.40000000000002 44.5328 2
20.500000000000021 46.2083 2
20.600000000000023 47.6995 2
20.700000000000024 49.2064 2
20.800000000000026 50.5302 2
20.900000000000027 52.0704 2
21.000000000000028 53.154 2
21.10000000000003 54.8214 2
21.200000000000031 56.1374 2
21.300000000000033 57.8916 2
21.400000000000034 59.3082 2
21.500000000000036 60.9876 2
21.600000000000037 62.2857 2
21.700000000000038 63.8869 2
21.80000000000004 65.1272 2
21.900000000000041 66.6451 2
22.000000000000043 67.997 2
22.100000000000044 69.2937 2
22.200000000000045 70.7222 2
22.300000000000047 71.9559 2
22.400000000000048 73.2371 2
22.50000000000005 74.5901 2
22.600000000000051 75.84 2
22.700000000000053 76.9657 2
22.800000000000054 78.2671 2
22.900000000000055 79.5346 2
23.000000000000057 80.7327 2
23.100000000000058 81.8155 2
23.20000000000006 82.9807 2
23.300000000000061 84.4145 2
23.400000000000063 85.8244 2
23.500000000000064 87.2115 2
23.600000000000065 88.5769 2
23.700000000000067 89.9215 2
23.800000000000068 91.2573 2
23.90000000000007 92.563 2
24.000000000000071 93.8505 2
24.100000000000072 95.1206 2
24.200000000000074 96.374 2
24.300000000000075 97.6215 2
24.400000000000077 98.8432 2
24.500000000000078 100.05 2
24.60000000000008 101.242 2
24.700000000000081 102.421 2
24.800000000000082 103.586 2
24.900000000000084 104.747 2
25.000000000000085 105.887 2
25.100000000000087 107.014 2
25.200000000000088 108.13 2
25.30000000000009 109.234 2
25.400000000000091 110.336 2
25.500000000000092 111.419 2
25.600000000000094 112.49 2
25.700000000000095 113.552 2
25.800000000000097 114.604 2
25.900000000000098 115.655 2
26.000000000000099 116.688 2
26.100000000000101 117.712 2
26.200000000000102 118.727 2
26.300000000000104 119.734 2
26.400000000000105 120.74 2
26.500000000000107 121.73 2
26.600000000000108 122.712 2
26.700000000000109 123.686 2
26.800000000000111 124.652 2
26.900000000000112 125.619 2
27.000000000000114 126.571 2
27.100000000000115 127.516 2
27.200000000000117 128.453 2
27.300000000000118 129.384 2
27.400000000000119 130.308 2
27.500000000000121 131.234 2
27.600000000000122 132.145 2
27.700000000000124 133.05 2
27.800000000000125 133.949 2
27.900000000000126 134.842 2
28.000000000000128 135.736 2
28.100000000000129 136.617 2
28.200000000000131 137.493 2
28.300000000000132 138.363 2
28.400000000000134 139.228 2
28.500000000000135 140.094 2
28.600000000000136 140.948 2
28.700000000000138 141.797 2
28.800000000000139 142.641 2
28.900000000000141 143.479 2
29.000000000000142 144.32 2
29.100000000000144 145.149 2
29.200000000000145 145.974 2
29.300000000000146 146.794 2
29.400000000000148 147.609 2
29.500000000000149 148.426 2
29.600000000000151 149.233 2
29.700000000000152 150.035 2
29.800000000000153 150.832 2
29.900000000000155 151.626 2
