0.200044 0
0.40054 0
0.600011 0
0.800071 0
1.000072 0
1.200056 0
1.400119 0
1.600023 0
1.800551 0
2.000231 0
2.200095 0
2.400007 0
2.600279 0
2.800183 0
3.000022 0
3.200828 0
3.40008 0
3.600205 0
3.803571 0
4.000065 0
4.205357 0
4.411375 0
4.600125 0
4.800125 0
5.000003 0
5.20075 0
5.400003 0
5.600014 0
5.80825 0
6.000209 0
6.200125 0
6.400125 0
6.600065 0
6.800152 0
7.000349 0
7.200029 0
7.400031 0
7.600014 0
7.800077 0
8.00014 0
8.200509 0
8.400189 0
8.600053 0
8.800174 0
9.000237 0
9.200141 0
9.400299 0
9.600203 0
9.800042 0
9.971915 0
